inv_t4_u000400000Traces.dat : [ 0.2870231 10.3673105  2.6132423  3.3590304 -0.312663  11.7608895  1.6642109  0.9514136  0.0011352  0.3034896 10.8776435  1.0442529  0.9830265 -0.5928288 10.8705848 -0.0412062 -0.0598576  0.0001537]
inv_t4_u000402000Traces.dat : [ 0.2783617 10.4167562  2.8268797  3.4808458 -0.3213671 11.9035601  1.6149236  0.9101608  0.0012003  0.2905929 10.9506491  1.1794605  1.1091186 -0.6365187 10.936304  -0.1002374 -0.1296944  0.0002345]
inv_t4_u000404000Traces.dat : [ 0.2554556 10.5568701  3.430562   4.0196198 -0.3800202 12.1409808  1.1998967  0.6450641  0.0011855  0.3989921 11.0100518  0.8485833  0.4460692 -0.5200702 10.9902088  0.2074988  0.3539148  0.0003381]
inv_t4_u000406000Traces.dat : [ 0.2328885 10.6934806  4.1514254  5.3407327 -0.4982081 12.3579777  0.6233901  0.3199124  0.0009917  0.3883609 11.1110685  0.9437428  0.4615302 -0.5236455 11.0773991  0.219197   0.3657597  0.0004441]
inv_t4_u000408000Traces.dat : [ 0.2297113 10.6943243  4.4297031  5.6821322 -0.4852824 12.4367036  0.6497223  0.3881201  0.0008247  0.366019  11.2452657  1.0715482  0.537467  -0.5432729 11.1883462  0.2006253  0.3031333  0.0005625]
inv_t4_u000410000Traces.dat : [ 0.230427  10.6725041  4.5590261  5.552014  -0.4194991 12.492765   0.9568889  0.6734756  0.000775   0.34344   11.4107072  1.2054432  0.6272872 -0.5503029 11.3171876  0.211703   0.2760008  0.0006695]
inv_t4_u000412000Traces.dat : [ 0.240198  10.5745664  4.3849393  1.3120246 -0.3750816 12.7262843  1.3645684  0.5529409  0.0012854  0.3247202 11.6048486  1.317381   0.7110926 -0.5360667 11.4578218  0.2723853  0.3126077  0.0007455]
inv_t4_u000414000Traces.dat : [ 0.2442656 10.5394017  4.3029605  1.2423343 -0.3720447 12.7985297  1.3939482  0.5426547  0.0013276  0.3115739 11.796725   1.3902709  0.7590307 -0.5260385 11.5836864  0.3294073  0.3534245  0.000786 ]
inv_t4_u000416000Traces.dat : [ 0.2446255 10.5296594  4.358667   1.1149491 -0.3792834 12.9001945  1.309584   0.5233377  0.0013557  0.2894247 11.3314305  2.8945008  0.5236161 -1.4305591 11.1844238 -0.5827979 -0.5282794  0.0008282]
inv_t4_u000418000Traces.dat : [ 0.2421536 10.5383727  4.5249283  0.9098856 -0.406379  13.0303266  1.029233   0.463568   0.0013619  0.2550048 11.6260842  3.8080042  0.76707   -1.4778251 11.3713873 -0.5821405 -0.5740378  0.0005867]
inv_t4_u000420000Traces.dat : [ 0.2433936 10.5241423  4.5263766  0.8019633 -0.4244679 13.1261904  0.8874377  0.423683   0.0013655  0.2315204 11.906174   4.5745039  1.0109732 -1.5224189 11.5209886 -0.5930331 -0.6005813  0.0005113]
inv_t4_u000422000Traces.dat : [ 0.2470052 10.4961829  4.4242074  0.7760821 -0.4138353 13.1935891  0.9800754  0.4696459  0.001378   0.2120281 12.1597583  5.6028956  1.285218  -1.5580807 11.6281555 -0.6112306 -0.6195686  0.0006638]
inv_t4_u000424000Traces.dat : [ 0.2507487 10.4686385  4.3224771  0.7587732 -0.4053906 13.2581481  1.0651923  0.5080547  0.0013984  0.2762247 12.721036   2.0911014  0.7658503 -1.4693864 12.0405846 -0.4945178 -0.4812046  0.000904 ]
inv_t4_u000426000Traces.dat : [ 0.2544459 10.4422659  4.2299549  0.7511025 -0.3987984 13.3206901  1.1403823  0.5374366  0.0014279  0.2887511 13.0212286  1.8462009  0.7036187 -1.5218294 12.2087587 -0.5072004 -0.5177831  0.0008384]
inv_t4_u000428000Traces.dat : [ 0.2351797 10.5093732  5.9296881  6.0426639 -0.2781526 13.1096489  2.8354453  2.8087887  0.0029495  0.2833956 13.2797779  2.0315613  0.7670425 -1.5912732 12.3210988 -0.5449359 -0.5565114  0.0008402]
inv_t4_u000430000Traces.dat : [ 0.2613629 10.3942207  4.0771404  0.7534691 -0.3906217 13.4423744  1.2478295  0.5711589  0.0015125  0.271383  13.521779   2.3547322  0.9014055 -1.5998955 12.4027157 -0.5636261 -0.5706882  0.0009656]
inv_t4_u000431000Traces.dat : [ 0.2629485 10.3834472  4.044759   0.7539651 -0.3895579 13.4729529  1.264277   0.5760929  0.0015367  0.2669678 13.6399122  2.2130651  0.9640015 -1.5989458 12.4279686 -0.5785733 -0.5891843  0.0010791]
inv_t4_u000432000Traces.dat : [ 0.2644414 10.3731421  4.0167384  0.7569755 -0.3885693 13.5030364  1.2796664  0.580237   0.0015627  0.2647631 13.7569732  2.0380001  1.0073557 -1.5978447 12.4503546 -0.5945795 -0.6075526  0.0011921]
inv_t4_u000433000Traces.dat : [ 0.2659342 10.3628646  3.9901701  0.7655114 -0.3875225 13.5320022  1.2952866  0.5814403  0.0015888  0.2654781 13.8754707  1.8251212  1.021928  -1.5949601 12.4715714 -0.6120923 -0.6257001  0.0012884]
inv_t4_u000434000Traces.dat : [ 0.2673406 10.3531856  3.9658488  0.7723109 -0.3868581 13.5613486  1.3064398  0.5823047  0.0016133  0.3324956 14.0617607  0.6073006  0.5533316 -1.498032  12.4890876 -0.6335932 -0.6315263  0.0013933]
inv_t4_u000435000Traces.dat : [ 0.2686508 10.344177   3.9437149  0.7756961 -0.3865845 13.5912781  1.3132384  0.5838687  0.0016382  0.3552744 14.163547   0.4559805  0.4384656 -1.4938607 12.4906588 -0.6472935 -0.631458   0.0012838]
inv_t4_u000436000Traces.dat : [ 0.269907  10.3355446  3.9229526  0.778601  -0.3865371 13.6212197  1.3174885  0.584935   0.0016628  0.3574216 14.2582416  0.4418947  0.4269396 -1.5003988 12.4963311 -0.660815  -0.6355088  0.0011962]
inv_t4_u000437000Traces.dat : [ 0.2711597 10.327105   3.9018548  0.7814542 -0.3866384 13.6509354  1.3198947  0.5851503  0.0016868  0.3570441 14.3517222  0.4517311  0.4278584 -1.5089171 12.5053627 -0.6744717 -0.6410218  0.0011494]
inv_t4_u000438000Traces.dat : [ 0.2723333 10.3191264  3.8830698  0.7840942 -0.3867972 13.680493   1.3214592  0.5860836  0.0017099  0.3566685 14.4447652  0.4758044  0.4303723 -1.5193702 12.5186806 -0.6893342 -0.6486483  0.0011496]
inv_t4_u000439000Traces.dat : [ 0.2734389 10.3115137  3.866466   0.7871854 -0.387028  13.7097857  1.3220675  0.5870342  0.0017327  0.3569205 14.5370392  0.5097914  0.4313199 -1.530168  12.5346326 -0.7056004 -0.6576369  0.0011858]
inv_t4_u000439100Traces.dat : [ 0.2735397 10.3107731  3.8653168  0.7881089 -0.3870298 13.7126205  1.3222913  0.5869743  0.0017348  0.3569454 14.5462073  0.5142315  0.4314968 -1.5314558 12.5364567 -0.7074151 -0.6587251  0.0011915]
inv_t4_u000439200Traces.dat : [ 0.2736414 10.3100407  3.8641132  0.7888994 -0.3870137 13.715458   1.3226841  0.587103   0.0017372  0.3569836 14.5553944  0.5180632  0.4315972 -1.5322061 12.5380193 -0.7090206 -0.6595093  0.0011968]
inv_t4_u000439300Traces.dat : [ 0.2737426 10.309309   3.8629056  0.7897181 -0.3870097 13.7182923  1.3229518  0.5871564  0.0017397  0.3570562 14.5645786  0.5222388  0.4316156 -1.5331351 12.5397655 -0.710729  -0.6604421  0.0012028]
inv_t4_u000439400Traces.dat : [ 0.273839  10.3085903  3.8618853  0.7905721 -0.3869853 13.7211127  1.323404   0.5873617  0.0017423  0.3569993 14.5739768  0.5309402  0.4324541 -1.5355673 12.543164  -0.7132099 -0.6625536  0.0012079]
inv_t4_u000439500Traces.dat : [ 0.2739372 10.307874   3.8607581  0.7913471 -0.3869649 13.7239407  1.3238253  0.5875762  0.0017451  0.3569792 14.5831142  0.535508   0.4328781 -1.5362843 12.5447525 -0.7148611 -0.6633601  0.0012146]
inv_t4_u000439600Traces.dat : [ 0.2740413 10.3071546  3.8592564  0.7915187 -0.3869795 13.7268466  1.3239235  0.5878999  0.0017477  0.3570686 14.5922949  0.5405737  0.4328751 -1.537543  12.5467289 -0.7168321 -0.6645205  0.0012214]
inv_t4_u000439700Traces.dat : [ 0.2741669 10.306407   3.8564976  0.7901912 -0.3870958 13.7299767  1.3231736  0.5882754  0.0017502  0.3570649 14.601407   0.5460914  0.4332416 -1.5386416 12.5486437 -0.7187052 -0.6656231  0.001227 ]
inv_t4_u000439800Traces.dat : [ 0.2742942 10.3056529  3.8536942  0.7890155 -0.3872379 13.7331031  1.3221761  0.5883791  0.0017523  0.3569445 14.6105147  0.5522512  0.4341364 -1.5396311 12.5504953 -0.7205631 -0.6666412  0.0012329]
inv_t4_u000439900Traces.dat : [ 0.2744016 10.3049173  3.8521272  0.7894521 -0.3873081 13.7360049  1.321761   0.5881201  0.0017537  0.3569426 14.6196166  0.5577146  0.4345632 -1.5405372 12.5522761 -0.7224105 -0.6676171  0.001241 ]
inv_t4_u000440000Traces.dat : [ 0.2745005 10.3041975  3.8510242  0.7904088 -0.3873263 13.7388244  1.3218097  0.5879447  0.0017556  0.3569242 14.6288063  0.5642551  0.4351673 -1.5416084 12.5544041 -0.7244182 -0.6687875  0.001248 ]
inv_t4_u000440100Traces.dat : [ 0.2746004 10.3034807  3.8498458  0.7913255 -0.3873406 13.7416353  1.3218778  0.5878202  0.0017576  0.3568576 14.6378425  0.5702497  0.4358045 -1.5423568 12.5561339 -0.7262197 -0.6697144  0.0012535]
inv_t4_u000440200Traces.dat : [ 0.2746971 10.3027719  3.8487754  0.7921223 -0.3873523 13.7444578  1.3219716  0.5878309  0.0017596  0.3567079 14.6468447  0.5773294  0.4368318 -1.5434485 12.5580387 -0.7281906 -0.6708573  0.0012601]
inv_t4_u000440300Traces.dat : [ 0.2747941 10.3020673  3.8476754  0.7929315 -0.3873667 13.7472782  1.3220512  0.5878102  0.0017617  0.3566922 14.6559807  0.5836926  0.4374467 -1.5441311 12.5599132 -0.7300853 -0.6717988  0.0012693]
inv_t4_u000440400Traces.dat : [ 0.2748937 10.3013592  3.8464504  0.7936719 -0.3873726 13.7500944  1.3221984  0.5878495  0.001764   0.3565329 14.665044   0.5916438  0.4386632 -1.5451426 12.5619974 -0.7321384 -0.6729667  0.0012763]
inv_t4_u000440500Traces.dat : [ 0.2749887 10.3006618  3.8454217  0.7944616 -0.3873696 13.7528977  1.3224163  0.5879792  0.0017664  0.3562471 14.6739525  0.5996998  0.4402211 -1.5459937 12.5637466 -0.7340549 -0.673961   0.0012811]
inv_t4_u000440600Traces.dat : [ 0.2750851 10.2999681  3.8442835  0.7951494 -0.3873618 13.7557089  1.3226832  0.5881785  0.0017689  0.3560818 14.6829323  0.6075855  0.4414718 -1.5469071 12.5656382 -0.7360759 -0.67506    0.0012921]
inv_t4_u000440700Traces.dat : [ 0.275182  10.2992766  3.84308    0.7956664 -0.387367  13.7585412  1.3228433  0.5884085  0.0017716  0.3559239 14.6919983  0.6164024  0.4427347 -1.5479603 12.5678144 -0.7382664 -0.676301   0.0012995]
inv_t4_u000440800Traces.dat : [ 0.2753003 10.2985516  3.8407197  0.7950598 -0.3874354 13.7615155  1.3224694  0.5887326  0.0017743  0.3555559 14.7009365  0.6259562  0.4448594 -1.5486633 12.5697173 -0.7402289 -0.6773325  0.0013054]
inv_t4_u000440900Traces.dat : [ 0.2754326 10.2977957  3.8377088  0.7935811 -0.3876082 13.7646382  1.3211702  0.5887807  0.0017762  0.3551523 14.7098402  0.6359846  0.4471848 -1.549495  12.5716064 -0.7422745 -0.6783986  0.0013127]
inv_t4_u000441000Traces.dat : [ 0.2755515 10.2970674  3.8353339  0.7933505 -0.3877193 13.7675995  1.3204016  0.5885736  0.0017777  0.3548174 14.7187274  0.6452293  0.4491752 -1.5500742 12.5732846 -0.744221  -0.6792992  0.0013232]
inv_t4_u000442000Traces.dat : [ 0.2765271 10.2902701  3.8224689  0.7977899 -0.3880172 13.7958641  1.3195766  0.589648   0.0017981  0.3444583 14.8070273  0.8277136  0.5058378 -1.5584507 12.5962251 -0.7661005 -0.6920112  0.0014027]
inv_t4_u000443000Traces.dat : [ 0.2774463 10.2837848  3.8111401  0.8023631 -0.3884161 13.8238905  1.3176791  0.5905685  0.0018162  0.3204657 14.8917397  1.2815845  0.6546639 -1.564105  12.6286883 -0.7787468 -0.7083074  0.0014709]
inv_t4_u000444000Traces.dat : [ 0.278364  10.2774775  3.7988721  0.8052345 -0.3890036 13.851866   1.3140492  0.5913559  0.0018335  0.3294932 14.9538275  0.2255308  0.5705963 -1.3235266 12.3329561 -0.5864972 -0.5105512  0.002125 ]
inv_t4_u000445000Traces.dat : [ 0.2792464 10.2714041  3.7874325  0.8081167 -0.3896011 13.8795166  1.3102236  0.5924096  0.0018508  0.447286  15.0355316 -0.1695873  0.1281349 -1.3622549 12.2827978 -0.5767676 -0.5227387  0.0020674]
inv_t4_u000446000Traces.dat : [ 0.2801208 10.2654784  3.775715   0.810554  -0.3902362 13.9068532  1.3059615  0.59354    0.0018675  0.4652958 15.1201192 -0.2185815  0.0912938 -1.420551  12.2733247 -0.5961242 -0.549992   0.0019403]
inv_t4_u000447000Traces.dat : [ 0.280983  10.2597144  3.7638425  0.8123586 -0.3908775 13.9338699  1.3015796  0.5951359  0.0018832  0.4388445 15.2043564 -0.1582424  0.1657025 -1.448531  12.2815285 -0.6116493 -0.5641108  0.0018214]
inv_t4_u000448000Traces.dat : [ 0.2817544 10.2542937  3.7553793  0.8158152 -0.3913333 13.960302   1.298674   0.5977237  0.0018981  0.4062269 15.2861642 -0.0732503  0.2711754 -1.4649879 12.2905395 -0.6236898 -0.5724173  0.0017575]
inv_t4_u000449000Traces.dat : [ 0.2825129 10.2490248  3.7467564  0.819017  -0.391956  13.9865161  1.2942454  0.5994049  0.0019105  0.3851142 15.364486  -0.0030343  0.3545919 -1.4791579 12.2990907 -0.6347717 -0.578759   0.0017698]
inv_t4_u000450000Traces.dat : [ 0.2832697 10.243882   3.7375121  0.8214966 -0.392674  14.0124942  1.2890143  0.6008336  0.0019231  0.3756656 15.4398284  0.045029   0.4006698 -1.4890576 12.3074558 -0.6444141 -0.5825622  0.0018745]
inv_t4_u000451000Traces.dat : [ 0.2839985 10.238917   3.7289126  0.8238837 -0.3933657 14.0381023  1.283997   0.6026636  0.0019359  0.3728055 15.5123661  0.0799717  0.4202857 -1.4918223 12.315562  -0.6517406 -0.5829758  0.0020379]
inv_t4_u000452000Traces.dat : [ 0.2847176 10.2340755  3.7202569  0.8258392 -0.3940007 14.06333    1.2794469  0.6051184  0.001949   0.3730992 15.5822937  0.1072977  0.4257539 -1.4887698 12.3219215 -0.6567877 -0.5805777  0.0022291]
inv_t4_u000453000Traces.dat : [ 0.2853981 10.2294187  3.7128777  0.8283927 -0.3945028 14.0880474  1.2758505  0.608321   0.00196    0.3748545 15.649638   0.1306111  0.423942  -1.4812706 12.3263121 -0.6598054 -0.5760006  0.0024321]
inv_t4_u000454000Traces.dat : [ 0.2860955 10.224835   3.7040343  0.8301072 -0.395266  14.1126621  1.2701314  0.6100086  0.0019697  0.3772117 15.7146482  0.1514003  0.4188846 -1.4704282 12.3285844 -0.6609023 -0.5696767  0.0026327]
inv_t4_u000455000Traces.dat : [ 0.2867576 10.2204329  3.6961912  0.8319115 -0.3959588 14.1368825  1.2649999  0.6122993  0.00198    0.3796085 15.7774676  0.1709269  0.4132065 -1.4574227 12.3288576 -0.6603679 -0.5620884  0.0028214]
inv_t4_u000456000Traces.dat : [ 0.2873941 10.2161876  3.6889196  0.8337449 -0.3965294 14.1606761  1.2609068  0.6154431  0.0019914  0.3818044 15.8381951  0.189751   0.407962  -1.4433317 12.32736   -0.6585312 -0.5536819  0.0029987]
inv_t4_u000457000Traces.dat : [ 0.2879853 10.2121277  3.683096   0.8362097 -0.3970924 14.1840802  1.2567395  0.6184997  0.0020007  0.3837099 15.8969836  0.2081855  0.4036622 -1.4286601 12.3243928 -0.655557  -0.5447045  0.0031641]
inv_t4_u000458000Traces.dat : [ 0.2885899 10.2081319  3.6762355  0.8380918 -0.3978087 14.2073048  1.251369   0.6205745  0.0020104  0.3852601 15.9538032  0.2267644  0.400451  -1.4137866 12.3202855 -0.6516425 -0.5353824  0.0033139]
inv_t4_u000459000Traces.dat : [ 0.2891833 10.2042445  3.6693477  0.8396553 -0.3984535 14.2301737  1.246632   0.623249   0.0020213  0.3864892 16.0087013  0.2456018  0.3981769 -1.3990109 12.315291  -0.6469525 -0.5258671  0.0034495]
inv_t4_u000460000Traces.dat : [ 0.2897433 10.2005096  3.6635414  0.8414154 -0.3988962 14.2525398  1.243426   0.6273029  0.0020312  0.3872796 16.0617965  0.2649121  0.3973459 -1.3850335 12.3092232 -0.6420083 -0.516284   0.0035732]
inv_t4_u000465000Traces.dat : [ 0.29246   10.1832098  3.6311214  0.8473661 -0.4018967 14.3605856  1.2212884  0.6417574  0.00208    0.3910971 16.3005239  0.3567176  0.388778  -1.3243662 12.2752215 -0.6116404 -0.4722283  0.0039858]
inv_t4_u000470000Traces.dat : [ 0.2947822 10.1685332  3.6051415  0.8531985 -0.4044364 14.4614553  1.2027506  0.6579331  0.0021307  0.3969781 16.4992923  0.4315612  0.3663264 -1.2879914 12.2405745 -0.5824313 -0.4407136  0.004149 ]
inv_t4_u000475000Traces.dat : [ 0.296836  10.1559296  3.5813363  0.8568231 -0.4065436 14.5563625  1.1877096  0.67572    0.0021822  0.4046942 16.6646076  0.488655   0.3345458 -1.2723375 12.2100305 -0.5591032 -0.4221527  0.0042054]
inv_t4_u000480000Traces.dat : [ 0.2986287 10.1451924  3.5604103  0.8603464 -0.4083204 14.645781   1.1752172  0.6938736  0.0022351  0.4112425 16.8032937  0.5392941  0.3066597 -1.2688569 12.1846334 -0.5408941 -0.4126726  0.0042646]
inv_t4_u000485000Traces.dat : [ 0.3002153 10.1359926  3.5410244  0.8628326 -0.4098421 14.7307648  1.1648672  0.7118507  0.0022911  0.4136798 16.9222759  0.5986505  0.2928018 -1.2703287 12.1634231 -0.5264925 -0.4073442  0.0043743]
inv_t4_u000490000Traces.dat : [ 0.3016606 10.1280139  3.5215106  0.863658  -0.4107862 14.8117162  1.1590647  0.7327666  0.0023462  0.4088663 17.0274864  0.6879163  0.3037339 -1.2725583 12.1462691 -0.5140529 -0.4038583  0.0045322]
inv_t4_u000495000Traces.dat : [ 0.3029647 10.1211791  3.5023538  0.8641154 -0.4115029 14.8892325  1.1551963  0.753612   0.002403   0.3917154 17.1231201  0.8624462  0.3613065 -1.2671104 12.1315603 -0.4999323 -0.396278   0.0047024]
inv_t4_u000500000Traces.dat : [ 0.3040512 10.1154615  3.4871514  0.8645894 -0.41182   14.9639943  1.1545118  0.7762533  0.0024585  0.3656796 17.2138748  1.1757875  0.470624  -1.240284  12.1190316 -0.4761857 -0.3757581  0.0048383]
inv_t4_u000520000Traces.dat : [ 0.307399  10.0996845  3.430727   0.8608303 -0.4097291 15.2409585  1.1807123  0.8855027  0.0026681  0.3325315 17.5326946  1.9484269  0.6624887 -1.2448005 12.0900607 -0.4491375 -0.3712408  0.0048152]
inv_t4_u000540000Traces.dat : [ 0.3097893 10.0909494  3.3727403  0.8497404 -0.4040916 15.4938864  1.2412355  1.0236044  0.0028483  0.3242607 17.8046361  2.3217017  0.7236015 -1.3244937 12.0780788 -0.4766323 -0.4172822  0.0045431]
inv_t4_u000560000Traces.dat : [ 0.311587  10.0860685  3.3134615  0.8363148 -0.3974542 15.7319586  1.3157844  1.1805551  0.0029811  0.3207284 18.0533137  2.5531372  0.7519907 -1.3690025 12.0726438 -0.4913825 -0.4418074  0.0043553]
inv_t4_u000580000Traces.dat : [ 0.3128841 10.0833901  3.2606168  0.8248556 -0.3917445 15.9604495  1.384357   1.3353748  0.0030637  0.3188262 18.2883854  2.7100737  0.7680016 -1.3911323 12.0703642 -0.4980909 -0.4537791  0.0042577]
inv_t4_u000600000Traces.dat : [ 0.3136454 10.0821208  3.2251764  0.8182478 -0.3875504 16.1823909  1.4379525  1.4706204  0.0031016  0.317722  18.5144433  2.8193167  0.7774078 -1.4022027 12.0696036 -0.501193  -0.4598468  0.0042128]
inv_t4_u000620000Traces.dat : [ 0.3139957 10.0816058  3.2078666  0.8154053 -0.3845728 16.3995397  1.4778981  1.5833198  0.0031164  0.3170101 18.7343651  2.8970564  0.7836092 -1.4080938 12.0694806 -0.5028582 -0.4631663  0.0041943]
inv_t4_u000640000Traces.dat : [ 0.3141349 10.0814195  3.2015628  0.8142308 -0.38245   16.6130529  1.5074206  1.6755     0.0031237  0.3164404 18.949987   2.9564655  0.7889079 -1.4113409 12.0695735 -0.5038651 -0.4650144  0.0041887]
inv_t4_u000660000Traces.dat : [ 0.3142054 10.0813512  3.1986783  0.8135456 -0.3808877 16.8237424  1.5297058  1.751327   0.0031312  0.3161521 19.1620121  2.9966349  0.7912763 -1.4130594 12.0697201 -0.5044518 -0.4660397  0.0041877]
inv_t4_u000680000Traces.dat : [ 0.3143008 10.0812758  3.1939771  0.8123075 -0.3796975 17.0322296  1.5470041  1.8139291  0.0031481  0.315858  19.3716646  3.0304164  0.7941303 -1.413971  12.0698472 -0.5048157 -0.4666097  0.0041878]
inv_t4_u000700000Traces.dat : [ 0.3144108 10.0811996  3.187858   0.8107615 -0.3788115 17.2389816  1.5600639  1.8644195  0.003171   0.3156141 19.5793779  3.0574104  0.7966003 -1.4146113 12.0699307 -0.5051305 -0.4669874  0.0041863]
inv_t4_u000720000Traces.dat : [ 0.3144799 10.0811821  3.1833504  0.8096805 -0.3781096 17.444366   1.5704812  1.906316   0.0031983  0.3154418 19.7854699  3.0789155  0.7983706 -1.4154491 12.0699902 -0.5055812 -0.4674487  0.0041809]
inv_t4_u000740000Traces.dat : [ 0.3144867 10.081235   3.1819493  0.8093305 -0.3775671 17.648664   1.5786204  1.9403249  0.0032349  0.3152482 19.9904114  3.098937   0.8006006 -1.4163074 12.0700188 -0.5060541 -0.4678793  0.004172 ]
inv_t4_u000760000Traces.dat : [ 0.3144322 10.081278   3.18499    0.8095481 -0.3771243 17.8520856  1.5852748  1.9683724  0.0032727  0.315008  20.1944929  3.1190958  0.8035899 -1.4169824 12.0700036 -0.5064552 -0.4681571  0.0041583]
inv_t4_u000780000Traces.dat : [ 0.3145956 10.0809625  3.1786663  0.8071342 -0.3767892 18.0548319  1.5903739  1.9908994  0.0032988  0.3146799 20.3979924  3.1412899  0.807954  -1.4167296 12.0699793 -0.50637   -0.4679446  0.004134 ]
inv_t4_u000800000Traces.dat : [ 0.3147227 10.0807413  3.1733607  0.8054467 -0.3765092 18.2569943  1.5945829  2.0094538  0.0033286  0.3143244 20.6008911  3.1639742  0.8131086 -1.4157051 12.0699562 -0.5058617 -0.4673957  0.0040972]
inv_t4_u000820000Traces.dat : [ 0.3148064 10.0806133  3.16958    0.8044128 -0.3762931 18.4587214  1.5978682  2.0244415  0.0033571  0.3139161 20.8033731  3.188442   0.8192563 -1.4147802 12.0699656 -0.5053723 -0.466984   0.0040524]
inv_t4_u000840000Traces.dat : [ 0.3148622 10.0805405  3.1668643  0.8037467 -0.3761206 18.6600997  1.6004866  2.0360582  0.003384   0.3133952 21.0056595  3.2171498  0.8275633 -1.4146372 12.0700031 -0.5052618 -0.4670606  0.0039994]
inv_t4_u000860000Traces.dat : [ 0.3148817 10.0805244  3.165763   0.8034886 -0.3759786 18.8612416  1.6026103  2.0462569  0.0034051  0.3127602 21.2078823  3.2502479  0.8381467 -1.4151275 12.0700651 -0.505501  -0.4674513  0.0039393]
inv_t4_u000880000Traces.dat : [ 0.3148818 10.0805357  3.1655692  0.8034466 -0.3758697 19.0621176  1.6042663  2.0537659  0.0034222  0.3120115 21.410019   3.2877428  0.851283  -1.4155563 12.0700048 -0.5057617 -0.4676536  0.0038703]
inv_t4_u000900000Traces.dat : [ 0.3148569 10.0805891  3.1664362  0.8040339 -0.375776  19.2624993  1.6056783  2.0600207  0.0034354  0.3111326 21.6119035  3.3300951  0.8676187 -1.4152918 12.0695745 -0.505726  -0.4671756  0.0037932]
inv_t4_u000920000Traces.dat : [ 0.3148662 10.0805651  3.1661753  0.8034241 -0.3757021 19.4633654  1.6067972  2.0650281  0.0034478  0.3101579 21.8144738  3.3755607  0.8870486 -1.4145719 12.0699107 -0.5053191 -0.4668825  0.0037118]
inv_t4_u000940000Traces.dat : [ 0.3148654 10.0805613  3.1662928  0.8032299 -0.3756537 19.663806   1.6075455  2.0689493  0.0034558  0.3091115 22.0167838  3.4231671  0.9095021 -1.4140067 12.0701127 -0.5048561 -0.4666689  0.0036331]
inv_t4_u000960000Traces.dat : [ 0.3148735 10.0805418  3.1660494  0.8029051 -0.3756096 19.8641677  1.6082264  2.071937   0.0034628  0.3080239 22.2191179  3.4718992  0.9350373 -1.4144674 12.07042   -0.5048589 -0.4671839  0.0035603]
inv_t4_u000980000Traces.dat : [ 0.3148895 10.0805125  3.1654096  0.8025263 -0.3755718 20.0644602  1.6088156  2.0743008  0.00347    0.3068979 22.4215011  3.5212884  0.9642142 -1.4148086 12.0703468 -0.5051452 -0.4673038  0.0034909]
