inv_t4_u000400000Traces.dat : 1.3119609,1.382210800000001,-1.205761,10.6056636,1.4608359,11.5916358,-1.42625,11.6195586,0.0115548,0.0002253
inv_t4_u000402000Traces.dat : 1.3031312,1.4740965,-1.1947789,10.6043438,1.4734707,11.6623526,-1.4265463,11.7049767,0.0122402,0.0002759
inv_t4_u000404000Traces.dat : 1.2950887,1.5675995,-1.1851152,10.6011302,1.4764516,11.7367184,-1.41425,11.7997892,0.0129134,0.0003258
inv_t4_u000406000Traces.dat : 1.2878099,1.662391099999999,-1.1770662,10.5954987,1.4736762,11.808902,-1.3928253,11.8995611,0.0135672,0.0003793
inv_t4_u000408000Traces.dat : 1.2813999,1.7581979000000008,-1.1703003,10.5882162,1.4671186,11.8796791,-1.3641996,12.0068765,0.0141975,0.0004318
inv_t4_u000410000Traces.dat : 1.2758539,1.8547447000000012,-1.1648484,10.5793094,1.4589676,11.9494213,-1.3305859,12.1238814,0.0147998,0.0004862
inv_t4_u000412000Traces.dat : 1.2712692,1.951680099999999,-1.1603579,10.5694747,1.4501851,12.0172548,-1.2933962,12.251322,0.0153704,0.0005633
inv_t4_u000414000Traces.dat : 1.2676256,2.0487409999999997,-1.1568725,10.5586827,1.4409472,12.0816685,-1.2537589,12.3888832,0.0159052,0.0007229
inv_t4_u000416000Traces.dat : 1.2649596,2.1456011000000004,-1.1542034,10.5473159,1.4311412,12.141518,-1.2131484,12.5354218,0.016401,0.0010305
inv_t4_u000418000Traces.dat : 1.2631909,2.242046199999999,-1.1525233,10.5351321,1.4214699,12.1961209,-1.1737126,12.6898879,0.0168555,0.0015084
inv_t4_u000420000Traces.dat : 1.2623553,2.337778,-1.1516311,10.5224932,1.4121009,12.2455387,-1.1368331,12.8513384,0.0172661,0.0021443
inv_t4_u000422000Traces.dat : 1.2624131,2.432551,-1.1514823,10.5095164,1.4032809,12.2903463,-1.1036847,13.0194405,0.0176323,0.0029153
inv_t4_u000424000Traces.dat : 1.2632926,2.5261002,-1.1521884,10.496007,1.3949873,12.332172,-1.0757514,13.1947696,0.0179521,0.0037918
inv_t4_u000426000Traces.dat : 1.2650705,2.6182979999999993,-1.1533312,10.4827344,1.3865146,12.3717206,-1.0531843,13.3767468,0.0182259,0.0047425
inv_t4_u000428000Traces.dat : 1.2676431,2.7089371,-1.1550422,10.4694412,1.3772637,12.4088767,-1.036133,13.564045,0.0184536,0.0057361
inv_t4_u000430000Traces.dat : 1.2709484,2.7978258999999994,-1.157292,10.456187,1.3668564,12.4429723,-1.0243214,13.7545653,0.0186363,0.006736
inv_t4_u000431000Traces.dat : 1.2728902,2.841625799999999,-1.1585677,10.449636,1.3612041,12.4583716,-1.020023,13.8502219,0.0187102,0.0072275
inv_t4_u000432000Traces.dat : 1.2749858,2.8849242999999998,-1.1599772,10.4431023,1.3554407,12.4724047,-1.016679,13.945526,0.0187737,0.0077099
inv_t4_u000433000Traces.dat : 1.2772441,2.927730500000001,-1.161485,10.4366218,1.3495502,12.4849807,-1.0141876,14.0403038,0.0188268,0.008178
inv_t4_u000434000Traces.dat : 1.279667,2.9700334,-1.1630954,10.4302008,1.3438132,12.4957515,-1.0122873,14.1340429,0.0188692,0.0086315
inv_t4_u000435000Traces.dat : 1.2822217,3.0118050000000007,-1.1648167,10.4238401,1.3382421,12.5048546,-1.0110163,14.2266918,0.0189024,0.0090643
inv_t4_u000436000Traces.dat : 1.2849417,3.053103,-1.1665878,10.417542,1.3330045,12.5121792,-1.0102437,14.318113,0.0189245,0.0094788
inv_t4_u000437000Traces.dat : 1.2877865,3.0938485,-1.1684618,10.4113174,1.3282165,12.5176645,-1.0098466,14.4080213,0.0189378,0.0098685
inv_t4_u000438000Traces.dat : 1.2907622,3.1340630999999988,-1.1704115,10.4051679,1.3238983,12.5214683,-1.0098298,14.4964997,0.018942,0.0102302
inv_t4_u000439000Traces.dat : 1.2938556,3.1737330000000004,-1.1724261,10.3991028,1.3201599,12.523621,-1.0101537,14.5834364,0.0189374,0.0105664
inv_t4_u000439100Traces.dat : 1.294174,3.1776713999999995,-1.1726296,10.3985023,1.3198561,12.5237923,-1.0102524,14.5920396,0.0189365,0.010603
inv_t4_u000439200Traces.dat : 1.2944924,3.181602,-1.1728346,10.3979023,1.3194987,12.5238991,-1.0102928,14.6006457,0.0189353,0.0106328
inv_t4_u000439300Traces.dat : 1.2948126,3.1855274,-1.1730392,10.3973036,1.3192052,12.5239415,-1.0102982,14.609177,0.0189343,0.010664
inv_t4_u000439400Traces.dat : 1.2951323,3.189445899999999,-1.173246,10.3967068,1.3188912,12.5240409,-1.0103718,14.6177426,0.0189331,0.0106957
inv_t4_u000439500Traces.dat : 1.2954482,3.193362500000001,-1.173455,10.3961048,1.3185735,12.524132,-1.0104565,14.6263024,0.0189319,0.0107276
inv_t4_u000439600Traces.dat : 1.2957722,3.1972709000000012,-1.1736627,10.3955098,1.3182986,12.5241745,-1.0105118,14.6348112,0.0189306,0.010758
inv_t4_u000439700Traces.dat : 1.2960915,3.2011768000000007,-1.1738741,10.3949093,1.3179634,12.5242204,-1.0105831,14.6433508,0.018929,0.0107876
inv_t4_u000439800Traces.dat : 1.2964184,3.205074100000001,-1.17408,10.3943175,1.3176666,12.5242635,-1.0106772,14.6518594,0.0189275,0.0108178
inv_t4_u000439900Traces.dat : 1.2967424,3.2089651000000003,-1.1742955,10.3937209,1.3173596,12.5242758,-1.0107518,14.6603532,0.018926,0.0108473
inv_t4_u000440000Traces.dat : 1.2970674,3.2128555999999993,-1.1745024,10.3931283,1.3171165,12.524265,-1.0108189,14.6688025,0.0189244,0.0108776
inv_t4_u000440100Traces.dat : 1.2973953,3.216735,-1.1747128,10.3925379,1.3168314,12.5242607,-1.010912,14.6772677,0.0189228,0.0109059
inv_t4_u000440200Traces.dat : 1.2977223,3.2206147000000005,-1.1749247,10.3919436,1.3165831,12.5242259,-1.0109969,14.6856928,0.0189211,0.0109362
inv_t4_u000440300Traces.dat : 1.2980502,3.2244826999999994,-1.1751417,10.3913507,1.3162998,12.5241691,-1.0110777,14.6941192,0.0189193,0.0109637
inv_t4_u000440400Traces.dat : 1.2983786,3.228348800000001,-1.1753538,10.3907583,1.31607,12.5241292,-1.0111854,14.7025266,0.0189173,0.0109928
inv_t4_u000440500Traces.dat : 1.2987099,3.232209600000001,-1.1755694,10.3901677,1.3158222,12.5240483,-1.0112681,14.7109135,0.0189153,0.0110203
inv_t4_u000440600Traces.dat : 1.2990403,3.2360635,-1.1757843,10.3895803,1.3155925,12.5239787,-1.0113863,14.7192906,0.0189131,0.0110511
inv_t4_u000440700Traces.dat : 1.299372,3.2399123000000003,-1.1759964,10.3889921,1.3153402,12.5238951,-1.0115008,14.7276656,0.0189112,0.0110757
inv_t4_u000440800Traces.dat : 1.2997113,3.243754599999999,-1.1762134,10.388407,1.3151028,12.5237639,-1.0115887,14.7360094,0.0189086,0.0111025
inv_t4_u000440900Traces.dat : 1.300042,3.247592600000001,-1.1764306,10.3878189,1.3149079,12.5236548,-1.0117165,14.7443287,0.0189063,0.011131
inv_t4_u000441000Traces.dat : 1.3003786,3.2514248000000006,-1.1766447,10.3872346,1.3146904,12.5235224,-1.0118315,14.7526471,0.0189039,0.0111578
inv_t4_u000442000Traces.dat : 1.303789,3.2894349,-1.1788358,10.381436,1.3129402,12.5214914,-1.0131574,14.8349613,0.0188759,0.0114077
inv_t4_u000443000Traces.dat : 1.3072796,3.3268945,-1.1810793,10.375727,1.3118793,12.5182832,-1.0147751,14.9157458,0.0188409,0.0116267
inv_t4_u000444000Traces.dat : 1.3108618,3.3637908000000003,-1.1833532,10.3701236,1.311505,12.5140455,-1.0167239,14.9950201,0.0187994,0.011816
inv_t4_u000445000Traces.dat : 1.3145156,3.4001284,-1.1856674,10.3646217,1.3117545,12.5089137,-1.0190322,15.0728383,0.0187516,0.0119729
inv_t4_u000446000Traces.dat : 1.3182224,3.4358936,-1.1880099,10.3592241,1.3127302,12.5029063,-1.0215825,15.1491139,0.018699,0.0120984
inv_t4_u000447000Traces.dat : 1.3219898,3.4710987000000006,-1.1903833,10.3539274,1.3142862,12.496236,-1.024523,15.2239357,0.0186409,0.0121939
inv_t4_u000448000Traces.dat : 1.3258035,3.505736500000001,-1.1927683,10.348742,1.3164185,12.4889577,-1.0278109,15.2972913,0.0185786,0.0122584
inv_t4_u000449000Traces.dat : 1.3296508,3.539814099999999,-1.1951656,10.3436619,1.3191257,12.481168,-1.0314445,15.369171,0.0185118,0.0122915
inv_t4_u000450000Traces.dat : 1.3335277,3.5733325999999987,-1.197573,10.3386907,1.3224562,12.472877,-1.0353129,15.4395455,0.0184419,0.0122967
inv_t4_u000451000Traces.dat : 1.337431,3.6062896999999996,-1.1999907,10.3338332,1.3262765,12.4642449,-1.0395502,15.508452,0.0183686,0.0122749
inv_t4_u000452000Traces.dat : 1.3413454,3.6386923000000007,-1.2024043,10.3290847,1.3306214,12.4552919,-1.0440696,15.5758589,0.0182926,0.0122265
inv_t4_u000453000Traces.dat : 1.3452672,3.6705534999999987,-1.2048121,10.3244462,1.3353826,12.4460951,-1.0488872,15.6417868,0.0182146,0.0121485
inv_t4_u000454000Traces.dat : 1.3491888,3.7018676,-1.2072088,10.3199198,1.3406613,12.4367003,-1.0539655,15.706193,0.0181343,0.0120558
inv_t4_u000455000Traces.dat : 1.3531065,3.7326490000000003,-1.2095924,10.3155027,1.3462922,12.4271828,-1.059329,15.7691115,0.0180526,0.0119373
inv_t4_u000456000Traces.dat : 1.3570135,3.7629012,-1.2119639,10.3111964,1.3523511,12.4175786,-1.0649411,15.8304939,0.0179702,0.011807
inv_t4_u000457000Traces.dat : 1.3609032,3.7926342999999996,-1.2143117,10.3070021,1.358692,12.4079093,-1.070777,15.8903776,0.0178868,0.0116573
inv_t4_u000458000Traces.dat : 1.3647698,3.8218539000000007,-1.2166398,10.3029136,1.3654012,12.3982351,-1.0767885,15.948732,0.0178029,0.011498
inv_t4_u000459000Traces.dat : 1.3686133,3.8505847000000006,-1.2189404,10.2989316,1.3724008,12.38858,-1.0829669,16.005565,0.0177183,0.0113317
inv_t4_u000460000Traces.dat : 1.3724261,3.8788145000000007,-1.2212144,10.2950558,1.3795935,12.37899,-1.0893255,16.0608643,0.0176341,0.0111599
inv_t4_u000465000Traces.dat : 1.3909551,4.012964500000001,-1.2321058,10.2772334,1.4180119,12.3328051,-1.1223709,16.3143222,0.0172196,0.010391
inv_t4_u000470000Traces.dat : 1.4083587,4.1364584,-1.2420825,10.2618285,1.4571273,12.291181,-1.154574,16.53028,0.0168309,0.010046
inv_t4_u000475000Traces.dat : 1.4245754,4.250783800000001,-1.2509665,10.2487076,1.4932864,12.2554625,-1.1828899,16.7122723,0.0164789,0.0102584
inv_t4_u000480000Traces.dat : 1.4394938,4.357024000000001,-1.2589499,10.2373953,1.5245379,12.2253584,-1.2060043,16.8657224,0.0161691,0.0108455
inv_t4_u000485000Traces.dat : 1.453267,4.456447300000001,-1.2660461,10.2277379,1.5504739,12.2004579,-1.2241764,16.997311,0.0158965,0.0115654
inv_t4_u000490000Traces.dat : 1.4658859,4.549985100000001,-1.2722386,10.219541,1.5716367,12.1799723,-1.2382141,17.112626,0.0156656,0.0122739
inv_t4_u000495000Traces.dat : 1.4774843,4.6384167000000005,-1.2777679,10.2124914,1.588722,12.1629516,-1.2490734,17.2156929,0.0154684,0.0129045
inv_t4_u000500000Traces.dat : 1.4881359,4.7226155,-1.2824727,10.2066123,1.6025314,12.1490597,-1.2575276,17.3099012,0.0153059,0.0134428
inv_t4_u000520000Traces.dat : 1.5232349,5.0269098,-1.2956334,10.1910697,1.6359729,12.113643,-1.2771776,17.6311204,0.0149137,0.0148343
inv_t4_u000540000Traces.dat : 1.5492437,5.2963033,-1.3025052,10.1836164,1.6504057,12.0968315,-1.2859174,17.9043496,0.0148012,0.0155027
inv_t4_u000560000Traces.dat : 1.5690865,5.5446677,-1.3056544,10.1803837,1.656216,12.0890223,-1.2902663,18.1536615,0.0148366,0.0158425
inv_t4_u000580000Traces.dat : 1.584451,5.7796541999999995,-1.3066186,10.1792528,1.6578509,12.0856537,-1.2926008,18.3889779,0.0149405,0.0160232
inv_t4_u000600000Traces.dat : 1.5965892,6.005755200000001,-1.3063074,10.1790745,1.6575122,12.0844419,-1.2939218,18.6152333,0.0150738,0.016123
inv_t4_u000620000Traces.dat : 1.6062143,6.225682799999998,-1.3052989,10.1792577,1.6562689,12.0842062,-1.2946742,18.8352482,0.0152164,0.0161798
inv_t4_u000640000Traces.dat : 1.6139208,6.4411872,-1.3039651,10.1795065,1.654764,12.0843867,-1.2951344,19.0507541,0.0153631,0.0162123
inv_t4_u000660000Traces.dat : 1.6201,6.653413299999999,-1.3025877,10.1797047,1.6532548,12.0846836,-1.2954158,19.2629002,0.0155103,0.0162324
inv_t4_u000680000Traces.dat : 1.6250731,6.863118199999999,-1.3013427,10.1798374,1.6519114,12.0849857,-1.2956352,19.4724824,0.01565,0.016245
inv_t4_u000700000Traces.dat : 1.6290773,7.070844599999999,-1.3003796,10.1799248,1.6508051,12.0852459,-1.2957529,19.6801069,0.0157749,0.0162569
inv_t4_u000720000Traces.dat : 1.6323002,7.2769601999999995,-1.2996822,10.1800357,1.649952,12.085472,-1.2958808,19.8861831,0.0158789,0.0162677
inv_t4_u000740000Traces.dat : 1.6349055,7.481763899999999,-1.2992127,10.1801956,1.6492956,12.085649,-1.2960025,20.0910367,0.015961,0.0162772
inv_t4_u000760000Traces.dat : 1.6370207,7.685488100000001,-1.2988522,10.1804342,1.6488011,12.0857938,-1.2961196,20.2949196,0.016024,0.0162839
inv_t4_u000780000Traces.dat : 1.6387426,7.888378699999999,-1.2985146,10.1807143,1.6483773,12.0859046,-1.29622,20.498042,0.0160741,0.0162863
inv_t4_u000800000Traces.dat : 1.6401285,8.0906088,-1.2981448,10.1809907,1.6479358,12.0859509,-1.2964128,20.7004933,0.0161163,0.0162803
inv_t4_u000820000Traces.dat : 1.6412324,8.2923582,-1.2977256,10.1812397,1.6474095,12.08595,-1.2966119,20.9024576,0.0161546,0.0162733
inv_t4_u000840000Traces.dat : 1.6421588,8.493774,-1.2973219,10.1814263,1.646843,12.0858972,-1.296901,21.1040005,0.0161885,0.0162668
inv_t4_u000860000Traces.dat : 1.6429087,8.6949659,-1.2969322,10.1815635,1.6462992,12.0858529,-1.297266,21.3052603,0.01622,0.0162619
inv_t4_u000880000Traces.dat : 1.6434833,8.8959173,-1.2966719,10.1816226,1.6459378,12.0857418,-1.2978159,21.5061638,0.0162434,0.0162516
inv_t4_u000900000Traces.dat : 1.6439589,9.0963911,-1.296492,10.1816482,1.6459669,12.085389,-1.2985559,21.7064989,0.0162608,0.0162337
inv_t4_u000920000Traces.dat : 1.6443676,9.297361800000001,-1.2963827,10.1816374,1.6460211,12.0857066,-1.2995725,21.9072178,0.0162786,0.0161998
inv_t4_u000940000Traces.dat : 1.644677,9.4978933,-1.2963328,10.1816188,1.6462474,12.0858556,-1.3009894,22.1073795,0.0162899,0.0161532
inv_t4_u000960000Traces.dat : 1.6449183,9.698331099999999,-1.2963162,10.1815971,1.6462936,12.0860834,-1.3029389,22.3072737,0.016299,0.0160948
inv_t4_u000980000Traces.dat : 1.6451363,9.8986865,-1.296319,10.1815764,1.6460998,12.0862909,-1.3055974,22.5068526,0.0163063,0.016022
inv_t4_u002000000Traces.dat : 99.7756185,14.818604399999998,-1.2964904,10.1813745,1.6459627,12.0859555,-99.9419525,24.9999942,0.014365,0.0077671
