inv_t4_u000418000Traces_fitting.csv,1.15253,10.53512,-1.26318,12.77716,-1.42148,12.19624,1.17374,12.69001,0.0140377,0.0012554
inv_t4_u000420000Traces_fitting.csv,1.15164,10.52248,-1.26234,12.86025,-1.41209,12.24546,1.13678,12.85127,0.01438,0.0017849
inv_t4_u000422000Traces_fitting.csv,1.15148,10.50952,-1.26241,12.94207,-1.40335,12.29043,1.10377,13.0195,0.0146848,0.0024278
inv_t4_u000424000Traces_fitting.csv,1.15218,10.49602,-1.2633,13.02212,-1.39499,12.33209,1.07571,13.1947,0.0149513,0.0031578
inv_t4_u000426000Traces_fitting.csv,1.15325,10.48276,-1.26511,13.10108,-1.38651,12.3717,1.05317,13.37673,0.015177,0.0039501
inv_t4_u000428000Traces_fitting.csv,1.15497,10.46946,-1.26768,13.17842,-1.37724,12.40891,1.03616,13.56408,0.0153665,0.0047766
inv_t4_u000430000Traces_fitting.csv,1.15728,10.45621,-1.27098,13.25404,-1.36682,12.44296,1.02431,13.75457,0.0155209,0.0056092
inv_t4_u000431000Traces_fitting.csv,1.1585,10.44965,-1.27293,13.2913,-1.36122,12.45831,1.01998,13.85017,0.0155801,0.0060189
inv_t4_u000432000Traces_fitting.csv,1.1599,10.44312,-1.27502,13.32807,-1.35544,12.47237,1.01665,13.94549,0.015633,0.0064204
inv_t4_u000433000Traces_fitting.csv,1.16141,10.43663,-1.27728,13.36439,-1.3496,12.48491,1.01414,14.04023,0.0156771,0.0068108
inv_t4_u000434000Traces_fitting.csv,1.16302,10.43021,-1.2797,13.40027,-1.34385,12.4957,1.01225,14.13399,0.0157126,0.007188
inv_t4_u000435000Traces_fitting.csv,1.16484,10.42388,-1.28218,13.43566,-1.33823,12.50487,1.01104,14.22669,0.0157405,0.0075481
inv_t4_u000436000Traces_fitting.csv,1.16652,10.41754,-1.28497,13.47067,-1.333,12.51214,1.01021,14.31809,0.0157585,0.007893
inv_t4_u000437000Traces_fitting.csv,1.16839,10.41132,-1.28781,13.5052,-1.32821,12.51763,1.0098,14.40801,0.0157695,0.0082178
inv_t4_u000438000Traces_fitting.csv,1.17034,10.40517,-1.29079,13.53926,-1.32389,12.52145,1.00981,14.4965,0.0157729,0.0085203
inv_t4_u000439000Traces_fitting.csv,1.17236,10.3991,-1.29388,13.57286,-1.3202,12.52361,1.01014,14.58341,0.0157692,0.0088015
inv_t4_u000439100Traces_fitting.csv,1.17256,10.3985,-1.2942,13.5762,-1.31987,12.52372,1.01018,14.592,0.0157684,0.0088287
inv_t4_u000439200Traces_fitting.csv,1.17277,10.3979,-1.29451,13.57953,-1.31954,12.52385,1.01024,14.60061,0.0157675,0.0088551
inv_t4_u000439300Traces_fitting.csv,1.17298,10.3973,-1.29483,13.58285,-1.3192,12.52395,1.01031,14.60919,0.0157666,0.0088815
inv_t4_u000439400Traces_fitting.csv,1.17319,10.3967,-1.29515,13.58617,-1.3189,12.52402,1.01035,14.61774,0.0157658,0.0089073
inv_t4_u000439500Traces_fitting.csv,1.1734,10.3961,-1.29547,13.58949,-1.31859,12.5241,1.01042,14.62628,0.0157647,0.0089332
inv_t4_u000439600Traces_fitting.csv,1.1736,10.39551,-1.29579,13.59281,-1.31827,12.52417,1.0105,14.63483,0.0157636,0.0089589
inv_t4_u000439700Traces_fitting.csv,1.17381,10.39491,-1.29611,13.59611,-1.31797,12.52421,1.01057,14.64334,0.0157624,0.0089842
inv_t4_u000439800Traces_fitting.csv,1.17402,10.39431,-1.29644,13.59941,-1.31768,12.52425,1.01065,14.65184,0.0157611,0.0090094
inv_t4_u000439900Traces_fitting.csv,1.17423,10.39372,-1.29676,13.60271,-1.31739,12.52426,1.01074,14.66033,0.0157598,0.0090346
inv_t4_u000440000Traces_fitting.csv,1.17444,10.39312,-1.29709,13.60601,-1.31711,12.52426,1.01082,14.66881,0.0157584,0.0090589
inv_t4_u000440100Traces_fitting.csv,1.17465,10.39253,-1.29741,13.6093,-1.31685,12.52423,1.01088,14.67724,0.015757,0.0090834
inv_t4_u000440200Traces_fitting.csv,1.17487,10.39194,-1.29774,13.61258,-1.31657,12.52422,1.01099,14.6857,0.0157556,0.0091075
inv_t4_u000440300Traces_fitting.csv,1.17508,10.39135,-1.29807,13.61586,-1.31633,12.52418,1.01108,14.69411,0.015754,0.0091321
inv_t4_u000440400Traces_fitting.csv,1.17529,10.39075,-1.2984,13.61913,-1.31605,12.52414,1.01119,14.70254,0.0157524,0.0091553
inv_t4_u000440500Traces_fitting.csv,1.17551,10.39016,-1.29873,13.6224,-1.31585,12.52402,1.01125,14.71089,0.0157507,0.0091789
inv_t4_u000440600Traces_fitting.csv,1.17572,10.38958,-1.29906,13.62567,-1.31557,12.52397,1.01138,14.7193,0.0157489,0.0092018
inv_t4_u000440700Traces_fitting.csv,1.17594,10.38899,-1.29939,13.62893,-1.31536,12.52386,1.01147,14.72764,0.0157471,0.0092248
inv_t4_u000440800Traces_fitting.csv,1.17615,10.3884,-1.29973,13.63218,-1.31514,12.52375,1.01157,14.73599,0.0157452,0.0092477
inv_t4_u000440900Traces_fitting.csv,1.17636,10.38781,-1.30006,13.63544,-1.31491,12.52364,1.01169,14.74433,0.0157433,0.0092704
inv_t4_u000441000Traces_fitting.csv,1.17658,10.38723,-1.3004,13.63868,-1.31469,12.52351,1.01181,14.75265,0.0157413,0.0092925
inv_t4_u000442000Traces_fitting.csv,1.17878,10.38143,-1.3038,13.67089,-1.31296,12.52146,1.01312,14.83494,0.0157178,0.0095011
inv_t4_u000443000Traces_fitting.csv,1.18101,10.37572,-1.3073,13.70265,-1.31191,12.51825,1.01473,14.91572,0.0156887,0.0096839
inv_t4_u000444000Traces_fitting.csv,1.18329,10.37011,-1.31088,13.73393,-1.31148,12.51405,1.01673,14.99503,0.0156541,0.0098398
inv_t4_u000445000Traces_fitting.csv,1.18561,10.36461,-1.31453,13.76477,-1.31177,12.5089,1.01901,15.07283,0.0156146,0.0099718
inv_t4_u000446000Traces_fitting.csv,1.18795,10.35921,-1.31824,13.79514,-1.31271,12.50293,1.02161,15.14913,0.0155703,0.010077
inv_t4_u000447000Traces_fitting.csv,1.19032,10.35392,-1.322,13.82504,-1.31426,12.49625,1.02455,15.22395,0.0155221,0.0101558
inv_t4_u000448000Traces_fitting.csv,1.19271,10.34873,-1.32581,13.8545,-1.31642,12.48896,1.0278,15.2973,0.01547,0.0102083
inv_t4_u000449000Traces_fitting.csv,1.19511,10.34365,-1.32966,13.88349,-1.31915,12.48114,1.0314,15.36917,0.0154146,0.0102368
inv_t4_u000450000Traces_fitting.csv,1.19752,10.33868,-1.33354,13.91204,-1.32245,12.47288,1.03532,15.43955,0.0153562,0.010241
inv_t4_u000451000Traces_fitting.csv,1.19999,10.33383,-1.33747,13.94014,-1.32627,12.46427,1.03955,15.50846,0.0152974,0.0102225
inv_t4_u000452000Traces_fitting.csv,1.20241,10.32908,-1.34138,13.96779,-1.3306,12.45531,1.04407,15.57587,0.0152341,0.0101809
inv_t4_u000453000Traces_fitting.csv,1.20482,10.32445,-1.3453,13.99501,-1.33537,12.44612,1.0489,15.6418,0.015169,0.0101183
inv_t4_u000454000Traces_fitting.csv,1.20722,10.31992,-1.34922,14.0218,-1.34064,12.43673,1.05398,15.7062,0.0151024,0.0100397
inv_t4_u000455000Traces_fitting.csv,1.2096,10.3155,-1.35314,14.04816,-1.34628,12.42721,1.05935,15.76912,0.0150345,0.0099421
inv_t4_u000456000Traces_fitting.csv,1.21197,10.31119,-1.35705,14.07411,-1.35231,12.4176,1.06495,15.83051,0.0149656,0.0098307
inv_t4_u000457000Traces_fitting.csv,1.21432,10.307,-1.36093,14.09965,-1.35869,12.40792,1.07077,15.89039,0.014896,0.0097074
inv_t4_u000458000Traces_fitting.csv,1.21665,10.30291,-1.3648,14.12478,-1.36539,12.39825,1.07679,15.94874,0.014826,0.0095752
inv_t4_u000459000Traces_fitting.csv,1.21895,10.29893,-1.36865,14.14952,-1.37237,12.3886,1.083,16.00557,0.0147558,0.0094369
inv_t4_u000460000Traces_fitting.csv,1.22123,10.29506,-1.37246,14.17388,-1.37957,12.37901,1.08937,16.06086,0.0146857,0.0092951
inv_t4_u000465000Traces_fitting.csv,1.23212,10.27723,-1.39098,14.2902,-1.41801,12.33281,1.12237,16.31433,0.0143408,0.0086539
inv_t4_u000470000Traces_fitting.csv,1.24209,10.26182,-1.40839,14.39829,-1.45713,12.29118,1.15457,16.53028,0.0140171,0.0083672
inv_t4_u000475000Traces_fitting.csv,1.25091,10.24869,-1.42457,14.49951,-1.49328,12.25547,1.18289,16.71229,0.0137216,0.0085432
inv_t4_u000480000Traces_fitting.csv,1.25893,10.23737,-1.43951,14.59443,-1.52454,12.22536,1.20601,16.86574,0.0134618,0.0090316
inv_t4_u000485000Traces_fitting.csv,1.266,10.22772,-1.45325,14.68419,-1.55048,12.20046,1.22417,16.99734,0.0132363,0.0096322
inv_t4_u000490000Traces_fitting.csv,1.2722,10.21952,-1.46587,14.76953,-1.57163,12.17998,1.23823,17.11265,0.0130437,0.0102214
inv_t4_u000495000Traces_fitting.csv,1.27779,10.21249,-1.47747,14.8509,-1.58875,12.16294,1.24908,17.21569,0.0128828,0.0107468
inv_t4_u000500000Traces_fitting.csv,1.28249,10.20661,-1.48815,14.92923,-1.60254,12.14904,1.25755,17.30989,0.0127471,0.0111943
inv_t4_u000520000Traces_fitting.csv,1.29559,10.19105,-1.52322,15.21799,-1.63596,12.11364,1.27721,17.63112,0.0124182,0.0123533
inv_t4_u000540000Traces_fitting.csv,1.30246,10.1836,-1.54926,15.47993,-1.65041,12.09683,1.28591,17.90435,0.0123245,0.012911
inv_t4_u000560000Traces_fitting.csv,1.30561,10.18037,-1.5691,15.72505,-1.65622,12.08902,1.29023,18.15365,0.0123534,0.0131932
inv_t4_u000580000Traces_fitting.csv,1.30656,10.17924,-1.5845,15.9589,-1.65786,12.08566,1.29256,18.38896,0.0124402,0.0133426
inv_t4_u000600000Traces_fitting.csv,1.30626,10.17906,-1.59662,16.18481,-1.6575,12.08444,1.29387,18.61522,0.0125499,0.013425
inv_t4_u000620000Traces_fitting.csv,1.30523,10.17924,-1.60624,16.40493,-1.65628,12.08421,1.29464,18.83523,0.0126696,0.0134715
inv_t4_u000640000Traces_fitting.csv,1.3039,10.17949,-1.61392,16.62069,-1.65476,12.08439,1.2951,19.05074,0.012792,0.0134997
inv_t4_u000660000Traces_fitting.csv,1.30258,10.1797,-1.62009,16.83312,-1.65328,12.08467,1.29543,19.2629,0.012917,0.013518
inv_t4_u000680000Traces_fitting.csv,1.30135,10.17983,-1.62506,17.04295,-1.65195,12.08497,1.29561,19.47249,0.0130338,0.0135298
inv_t4_u000700000Traces_fitting.csv,1.30039,10.17992,-1.62907,17.25077,-1.65084,12.08523,1.29575,19.68011,0.0131379,0.0135392
inv_t4_u000720000Traces_fitting.csv,1.2997,10.18003,-1.63231,17.457,-1.64997,12.08545,1.29587,19.88619,0.0132246,0.0135482
inv_t4_u000740000Traces_fitting.csv,1.29918,10.18018,-1.63494,17.66197,-1.64929,12.08565,1.29598,20.09104,0.0132895,0.0135563
inv_t4_u000760000Traces_fitting.csv,1.29881,10.18041,-1.63702,17.86592,-1.64879,12.08579,1.29609,20.29493,0.0133423,0.013562
inv_t4_u000780000Traces_fitting.csv,1.29846,10.1807,-1.63871,18.06908,-1.64836,12.0859,1.29621,20.49804,0.0133842,0.0135631
inv_t4_u000800000Traces_fitting.csv,1.29816,10.18099,-1.64014,18.2716,-1.64794,12.08593,1.29637,20.70051,0.0134228,0.013559
inv_t4_u000820000Traces_fitting.csv,1.29774,10.18124,-1.64127,18.47361,-1.64742,12.08593,1.29656,20.90247,0.0134545,0.0135539
inv_t4_u000840000Traces_fitting.csv,1.29733,10.18142,-1.64216,18.6752,-1.64685,12.08588,1.29682,21.10402,0.0134822,0.0135493
inv_t4_u000860000Traces_fitting.csv,1.29689,10.18154,-1.64288,18.87653,-1.64627,12.08584,1.29716,21.30528,0.0135046,0.0135467
inv_t4_u000880000Traces_fitting.csv,1.29669,10.18162,-1.6435,19.07755,-1.64594,12.08571,1.29766,21.5062,0.0135281,0.0135393
inv_t4_u000900000Traces_fitting.csv,1.2965,10.18165,-1.64401,19.27806,-1.64598,12.08537,1.29833,21.70655,0.0135422,0.0135251
inv_t4_u000920000Traces_fitting.csv,1.29639,10.18163,-1.64436,19.479,-1.64604,12.08568,1.29928,21.90729,0.0135572,0.0134992
inv_t4_u000940000Traces_fitting.csv,1.29634,10.18162,-1.64468,19.67951,-1.64626,12.08583,1.30058,22.10749,0.0135671,0.0134628
inv_t4_u000960000Traces_fitting.csv,1.29632,10.1816,-1.64493,19.87993,-1.64631,12.08606,1.30239,22.30743,0.0135744,0.0134172
inv_t4_u000980000Traces_fitting.csv,1.29633,10.18157,-1.64513,20.08026,-1.64611,12.08627,1.30484,22.50707,0.0135801,0.0133611