inv_t4_d000420000Traces.dat : [ 0.395609  10.8236471  0.489896   0.4312092 -0.3814106 10.8231406  0.4922553  0.5572251  0.0000029  0.4183087 11.3538366  0.4384473  0.4419625 -0.252822  10.8628673  1.5375502  2.6832989  0.0002627]
inv_t4_d000440000Traces.dat : [ 0.3675649 11.4483804  1.1374126  0.6570048 -0.3651157 11.4497736  0.6653045  1.1463381  0.0000178  0.4136262 11.7720672  0.2237833  0.4258018 -0.2986009 10.4816383  1.0028808  2.2907312  0.0017207]
inv_t4_d000460000Traces.dat : [ 0.685202  11.7696402  0.         0.0100446 -0.3475482 11.8428053  1.2297555  1.2016914  0.0001459  0.3713169 12.5062107  0.1846883  0.4182056 -0.3137792 10.3650953  1.4325319  2.4671192  0.0017311]
inv_t4_d000462000Traces.dat : [ 0.2507782 10.5085346  4.6556508  2.708176  -0.2510722 10.5040535  1.3531282  4.6697023  0.0002212  0.3711768 12.6014622  0.1561414  0.413674  -0.316558  10.3524122  1.4169741  2.437025   0.0016897]
inv_t4_d000464000Traces.dat : [ 0.2465189 10.5737228  2.4040398  3.1273899 -0.2453164 10.5722942  1.2730099  2.4517939  0.0002071  0.3708209 12.6953718  0.1325379  0.410858  -0.3189137 10.3417526  1.4284959  2.4211769  0.0016522]
inv_t4_d000466000Traces.dat : [ 0.5090854 12.1873651  0.8160587  0.8198632 -0.5159189 12.3329835  0.5142291  0.6078169  0.0003042  0.3703718 12.7888627  0.1123871  0.4096663 -0.3207835 10.3329157  1.4618979  2.4190898  0.0016218]
inv_t4_d000468000Traces.dat : [ 0.4844949 12.2560488  0.9612204  1.0148292 -0.4858967 12.4364219  0.5992884  0.7197473  0.0003676  0.3698366 12.882659   0.0960624  0.4107953 -0.3220694 10.3263956  1.5138078  2.4332251  0.0016105]
inv_t4_d000470000Traces.dat : [ 0.3507463 11.7469063  1.9068282  1.9074489 -0.2875651 11.9245891  1.3950251  2.6097001  0.0004306  0.3688476 12.9771999  0.0864985  0.4163185 -0.3225476 10.3233089  1.5813391  2.4700884  0.001628 ]
inv_t4_d000472000Traces.dat : [ 0.342771  11.833061   1.9399825  2.0063535 -0.2693681 12.0693785  1.5540155  2.8495191  0.0004568  0.3673738 13.0726143  0.0863076  0.426825  -0.3221438 10.3248924  1.6558379  2.5341655  0.0016881]
inv_t4_d000474000Traces.dat : [ 0.3477007 11.9875587  2.2500278  1.9800771 -0.2659149 12.3015107  1.6433119  3.343607   0.000521   0.3657653 13.1688594  0.1019883  0.4411246 -0.3204029 10.3345959  1.7199323  2.6440503  0.0017978]
inv_t4_d000476000Traces.dat : [ 0.4142852 12.4938565  1.2667328  1.9164372 -0.4419102 12.8860859  0.5853746  0.6491475  0.0003271  0.3657472 13.2650812  0.1351853  0.4504584 -0.3171689 10.3543116  1.7467756  2.8080935  0.0019524]
inv_t4_d000478000Traces.dat : [ 0.3934901 12.5642817  1.3701346  2.2144387 -0.4139739 13.0400095  0.6859358  0.6950441  0.0002991  0.3684668 13.3600991  0.1793811  0.4480416 -0.3130256 10.379819   1.7207808  3.0025122  0.0021207]
inv_t4_d000480000Traces.dat : [ 0.3720228 12.6284957  1.5189488  2.4987154 -0.372151  13.2018316  0.9207618  0.8482829  0.000324   0.3723059 13.4527741  0.2243253  0.4403197 -0.3093872 10.4019191  1.6562948  3.1651085  0.0022724]
inv_t4_d000482000Traces.dat : [ 0.353049  12.7060282  1.653071   2.8659686 -0.3608746 13.3868438  1.0143351  0.8243152  0.0003713  0.3756881 13.5425278  0.2669446  0.4338928 -0.3069418 10.4169476  1.571455   3.2701246  0.0024023]
inv_t4_d000484000Traces.dat : [ 0.3359054 12.7816016  1.7950516  3.2761929 -0.3580979 13.5778218  1.0592994  0.7591204  0.0004498  0.3783539 13.6294366  0.3080146  0.4296712 -0.3056783 10.4257012  1.4753401  3.3226032  0.0025075]
inv_t4_d000486000Traces.dat : [ 0.3226416 12.8378104  1.9467956  3.4519993 -0.346244  13.7512882  1.1761144  0.7836252  0.0005735  0.3804894 13.7127053  0.3465744  0.4264546 -0.3057632 10.4284411  1.3742697  3.3252025  0.002588 ]
inv_t4_d000488000Traces.dat : [ 0.312557  12.8818412  2.09726    3.4439045 -0.3317555 13.9136042  1.3304055  0.8543967  0.0007359  0.3819694 13.792207   0.3796288  0.4240525 -0.3068666 10.4264087  1.2911286  3.2950706  0.0026474]
inv_t4_d000490000Traces.dat : [ 0.3043682 12.9183118  2.2451098  3.3501072 -0.3192877 14.0709934  1.4869459  0.931748   0.0009054  0.3829465 13.8678828  0.4062949  0.4219695 -0.3086458 10.4211296  1.2325513  3.2479913  0.0026909]
inv_t4_d000491000Traces.dat : [ 0.3012117 12.9304634  2.3162333  3.2651231 -0.312378  14.1444878  1.5777651  0.9813663  0.0009843  0.3832952 13.9044972  0.4179583  0.4210066 -0.3096784 10.4178094  1.2107998  3.2212693  0.0027096]
inv_t4_d000492000Traces.dat : [ 0.2965715 12.9549977  2.3973267  3.2751236 -0.3124808 14.2318281  1.6040326  0.9777953  0.0010578  0.3836092 13.9404283  0.4286578  0.4200746 -0.3107816 10.4142192  1.1928571  3.1925002  0.0027259]
inv_t4_d000493000Traces.dat : [ 0.2930846 12.9708315  2.4750838  3.2427877 -0.3096888 14.3098977  1.6570813  1.0006733  0.0011235  0.3838666 13.9756961  0.4388493  0.419117  -0.3119233 10.4104555  1.1781314  3.1636905  0.0027405]
inv_t4_d000494000Traces.dat : [ 0.2876027 13.0022676  2.573785   3.3246531 -0.3145471 14.4032678  1.6324679  0.9727561  0.0011803  0.3841163 14.0103844  0.4484422  0.4181373 -0.3131007 10.4065796  1.1660131  3.1335056  0.0027522]
inv_t4_d000495000Traces.dat : [ 0.2813606 13.0373135  2.6938272  3.4305633 -0.3220569 14.5002677  1.5828466  0.9329885  0.0012247  0.3843598 14.0445095  0.4576255  0.4170882 -0.3142854 10.4026466  1.1562862  3.1045079  0.0027633]
inv_t4_d000496000Traces.dat : [ 0.2737389 13.0785483  2.8589528  3.5653191 -0.334059  14.6042326  1.4961381  0.8714843  0.0012504  0.3846093 14.0781045  0.4664989  0.4159371 -0.3155096 10.3986801  1.1480043  3.0735555  0.0027731]
inv_t4_d000497000Traces.dat : [ 0.2601691 13.154575   3.1958567  3.8564292 -0.3686148 14.7452768  1.2481844  0.7078635  0.0012382  0.3848618 14.1111968  0.4751598  0.4147622 -0.3167438 10.3946928  1.1411279  3.0430619  0.0027818]
inv_t4_d000498000Traces.dat : [ 0.2389621 13.2816912  3.8005088  4.5525225 -0.4703334 14.9324897  0.7194638  0.376948   0.0011308  0.3851256 14.1437755  0.4837155  0.4134602 -0.3180047 10.3907207  1.1351806  3.0116215  0.0027884]
inv_t4_d000499000Traces.dat : [ 0.2342511 13.2990161  4.0124496  4.8701832 -0.4864104 15.0015563  0.6498836  0.3575674  0.0010064  0.3854084 14.1758705  0.4920524  0.4121065 -0.3192509 10.3867925  1.1307307  2.981982   0.0027941]
inv_t4_d000499900Traces.dat : [ 0.2307457 13.3082063  4.2133744  5.2014312 -0.4971101 15.0571154  0.6020936  0.3505136  0.0008986  0.3856515 14.2043218  0.4995498  0.4108461 -0.3203663 10.3833071  1.127814   2.955488   0.0028002]
inv_t4_d000500000Traces.dat : [ 0.2307057 13.3069807  4.2239758  5.2364988 -0.4956513 15.0607363  0.6046278  0.3563726  0.000887   0.3856869 14.2074643  0.5003439  0.410705  -0.3204956 10.3829189  1.1274536  2.9519878  0.0028001]
inv_t4_d000500100Traces.dat : [ 0.2306323 13.3059608  4.2360311  5.2701834 -0.4942312 15.0646086  0.6073309  0.3623009  0.0008764  0.3857172 14.2105895  0.5011596  0.4105434 -0.3206147 10.3825362  1.1272675  2.9493779  0.0028012]
inv_t4_d000500200Traces.dat : [ 0.2305391 13.3050544  4.2491596  5.3034861 -0.4927729 15.068621   0.6103966  0.3684863  0.0008663  0.3857506 14.2137226  0.5019561  0.4103813 -0.3207422 10.3821522  1.1269593  2.9462923  0.0028002]
inv_t4_d000500300Traces.dat : [ 0.2304534 13.3040944  4.2620844  5.335467  -0.4909724 15.0725839  0.61486    0.3757684  0.0008571  0.3857773 14.2168433  0.5027937  0.4102404 -0.3208691 10.3817679  1.1266736  2.9435805  0.0028019]
inv_t4_d000500400Traces.dat : [ 0.2303924 13.3029765  4.2742261  5.3662169 -0.4886888 15.076371   0.6212111  0.3845705  0.0008487  0.385807  14.2199694  0.5035625  0.4101201 -0.3209821 10.3813862  1.126654   2.9406412  0.0028019]
inv_t4_d000500500Traces.dat : [ 0.2293029 13.3080291  4.3335398  5.406594  -0.496139  15.0874443  0.5963544  0.3668661  0.00084    0.3858362 14.2230829  0.5044004  0.4099436 -0.3211141 10.3809991  1.1262593  2.9380103  0.0028016]
inv_t4_d000500600Traces.dat : [ 0.2292698 13.3066981  4.3455003  5.4352252 -0.4935644 15.0910448  0.603429   0.3762335  0.0008314  0.3858705 14.2262063  0.505159   0.4098208 -0.3212405 10.380618   1.1260434  2.9349523  0.0028042]
inv_t4_d000500700Traces.dat : [ 0.2292124 13.3055055  4.3588624  5.4628809 -0.4908267 15.0948185  0.6115479  0.3863697  0.0008235  0.3858885 14.2292983  0.5060917  0.4096546 -0.3213685 10.3802378  1.1256883  2.9316966  0.0028036]
inv_t4_d000500800Traces.dat : [ 0.2291398 13.3043935  4.3731828  5.4877406 -0.4878148 15.0987226  0.6211581  0.3975992  0.0008167  0.3859222 14.2323962  0.5068844  0.4094974 -0.3214847 10.3798584  1.1256017  2.9289287  0.0028043]
inv_t4_d000500900Traces.dat : [ 0.2290859 13.3031818  4.3867032  5.5097248 -0.4841406 15.1025241  0.6337243  0.4111835  0.0008109  0.3859469 14.2354837  0.5077486  0.4093673 -0.3216086 10.3794766  1.1253583  2.9262625  0.0028059]
inv_t4_d000501000Traces.dat : [ 0.2290636 13.3017806  4.3987958  5.5259662 -0.4796167 15.1061566  0.6502049  0.4278085  0.000806   0.3859822 14.2385677  0.5085363  0.4091683 -0.3217296 10.379099   1.1252323  2.9238785  0.0028038]
inv_t4_d000501100Traces.dat : [ 0.2290886 13.3001269  4.4084409  5.5364848 -0.4741332 15.1095257  0.6713412  0.4481261  0.0008022  0.3860085 14.2416559  0.5093718  0.4090518 -0.3218534 10.3787222  1.1250372  2.9210782  0.0028053]
inv_t4_d000501200Traces.dat : [ 0.228344  13.3029466  4.4589134  5.5776823 -0.4781841 15.1179724  0.6557516  0.4386257  0.0007989  0.3860348 14.244731   0.5102232  0.4088925 -0.321976  10.3783445  1.1248722  2.9181216  0.0028047]
inv_t4_d000501300Traces.dat : [ 0.2283726 13.3012574  4.4690812  5.5834998 -0.4722347 15.1213814  0.6794337  0.4608565  0.0007953  0.3860744 14.2478083  0.5110019  0.4087361 -0.3221069 10.3779665  1.1245898  2.9147498  0.0028064]
inv_t4_d000501400Traces.dat : [ 0.2285222 13.2989096  4.4723572  5.5774305 -0.4647068 15.1240959  0.7110204  0.4893713  0.0007927  0.3861235 14.2508894  0.5116821  0.4085258 -0.322238  10.3775875  1.1243982  2.9110372  0.0028043]
inv_t4_d000501500Traces.dat : [ 0.2287    13.2964594  4.4736236  5.5656575 -0.4572731 15.1267295  0.7438803  0.5188561  0.000791   0.3861459 14.2539578  0.5125371  0.4084116 -0.322361  10.3772146  1.1242568  2.908192   0.0028048]
inv_t4_d000501600Traces.dat : [ 0.2288933 13.2939856  4.4735427  5.5508594 -0.4502714 15.1293304  0.7762989  0.5480846  0.0007899  0.3861725 14.2570279  0.513349   0.4082977 -0.3224903 10.376835   1.1240678  2.9052198  0.0028082]
inv_t4_d000501700Traces.dat : [ 0.2290899 13.2915564  4.472644   5.5348763 -0.4438094 15.131973   0.8075284  0.5764925  0.0007892  0.3862096 14.2600918  0.5141322  0.4081119 -0.3226153 10.3764593  1.1238713  2.902406   0.0028057]
inv_t4_d000501800Traces.dat : [ 0.2292985 13.289098   4.4708455  5.5174374 -0.4377729 15.1345875  0.8378472  0.6043203  0.0007892  0.3862471 14.263137   0.5149138  0.4079068 -0.322736  10.3760871  1.1237935  2.8992205  0.0028076]
inv_t4_d000501900Traces.dat : [ 0.2295092 13.2866773  4.4684772  5.4990156 -0.4321989 15.1372391  0.8668647  0.6312974  0.0007896  0.3862708 14.2661784  0.5157793  0.4077957 -0.3228576 10.3757141  1.1236857  2.8966897  0.0028072]
inv_t4_d000502000Traces.dat : [ 0.2297268 13.2842557  4.4654063  5.4807721 -0.4269942 15.1398859  0.8948638  0.6576335  0.0007904  0.3863053 14.2692171  0.5165859  0.407597  -0.3229803 10.3753417  1.1235704  2.8939068  0.0028068]
inv_t4_d000503000Traces.dat : [ 0.2310886 13.2657803  4.4671579  5.3731989 -0.3927697 15.1723459  1.1046855  0.876079   0.0008129  0.3866244 14.2993715  0.5246339  0.4059872 -0.3241869 10.3716589  1.1232677  2.8681007  0.0028114]
inv_t4_d000504000Traces.dat : [ 0.2318226 13.2520325  4.4856863  5.339333  -0.3719909 15.2099545  1.257988   1.0674638  0.0008549  0.3869672 14.3290633  0.5325943  0.4042946 -0.3254048 10.3680459  1.123412   2.8406534  0.0028142]
inv_t4_d000505000Traces.dat : [ 0.2319763 13.2413082  4.5337594  5.3367402 -0.3577349 15.2519978  1.3792166  1.2419248  0.0009093  0.3873373 14.3582785  0.5404991  0.4024882 -0.3266166 10.3644898  1.124018   2.8143608  0.0028169]
inv_t4_d000506000Traces.dat : [ 0.2391303 13.1709527  4.4314295  1.1198398 -0.3987908 15.5367253  1.1389937  0.5030071  0.0013212  0.3876983 14.3869858  0.5485543  0.4006466 -0.3278014 10.3610035  1.125346   2.7900475  0.0028198]
inv_t4_d000507000Traces.dat : [ 0.2391766 13.1633744  4.4731787  1.0207762 -0.4109868 15.6040782  1.0278436  0.4686893  0.0013296  0.3880609 14.4152267  0.5566711  0.3987682 -0.3289793 10.3576009  1.1270778  2.7661788  0.0028242]
inv_t4_d000508000Traces.dat : [ 0.2326638 13.2034695  4.7446901  5.232032  -0.326821  15.3832593  1.7097778  1.7013477  0.0011633  0.3884259 14.4430207  0.5647061  0.3969724 -0.3301265 10.3542917  1.12973    2.7434816  0.0028257]
inv_t4_d000509000Traces.dat : [ 0.2399728 13.1447862  4.515808   0.8476407 -0.4504438 15.7321716  0.7544778  0.3632577  0.001331   0.3887905 14.4703471  0.572756   0.3951205 -0.3312417 10.3510712  1.1330911  2.7226282  0.0028287]
inv_t4_d000510000Traces.dat : [ 0.2415248 13.1291349  4.4798806  0.7944538 -0.4610978 15.784463   0.6992392  0.3414623  0.0013355  0.3891395 14.4972153  0.5809161  0.3933486 -0.3323476 10.3479357  1.1368109  2.7010701  0.0028343]
inv_t4_d000511000Traces.dat : [ 0.2440364 13.1081099  4.4061385  0.7770716 -0.4451104 15.824369   0.7924766  0.3974217  0.0013434  0.3894922 14.5236415  0.5890058  0.3916069 -0.333421  10.3448883  1.1412193  2.6818456  0.0028373]
inv_t4_d000512000Traces.dat : [ 0.2351122 13.1418991  5.0964331  5.4998024 -0.2947085 15.5539505  2.2578984  2.2679113  0.0018185  0.3898439 14.5495202  0.5973465  0.3897416 -0.3344598 10.3419198  1.1459891  2.6639516  0.0028427]
inv_t4_d000513000Traces.dat : [ 0.2352317 13.128846   5.2483314  5.6705278 -0.2888237 15.5979571  2.4206776  2.4158855  0.0020724  0.3901289 14.5749927  0.6059865  0.388135  -0.3355013 10.3390305  1.1508633  2.6455067  0.0028486]
inv_t4_d000514000Traces.dat : [ 0.2350532 13.1171127  5.4342476  5.828924  -0.2840889 15.6429698  2.5867593  2.558415   0.0023789  0.3904326 14.6000468  0.614441   0.38654   -0.336506  10.3362234  1.1563478  2.6287082  0.0028583]
inv_t4_d000515000Traces.dat : [ 0.2543444 13.0280779  4.1346262  0.7783515 -0.4058607 15.9660933  1.1087463  0.5422818  0.0014258  0.3906897 14.6246713  0.6231292  0.3850902 -0.3374865 10.3334968  1.1621585  2.6125224  0.0028667]
inv_t4_d000516000Traces.dat : [ 0.2565699 13.0109716  4.0853829  0.7800519 -0.4021164 16.0020413  1.1488292  0.5572993  0.0014562  0.3909301 14.6487543  0.6322278  0.383639  -0.3384716 10.3308198  1.1675871  2.5961764  0.0028766]
inv_t4_d000517000Traces.dat : [ 0.2587634 12.9945617  4.0365546  0.7792061 -0.3997307 16.0385351  1.1767496  0.5668456  0.001489   0.3910981 14.6724748  0.6415951  0.3824742 -0.339437  10.3282177  1.1732614  2.5808949  0.0028887]
inv_t4_d000518000Traces.dat : [ 0.2607921 12.9794214  3.995097   0.7807522 -0.3977505 16.0748875  1.2006704  0.5749024  0.0015229  0.3912152 14.6960958  0.6510038  0.3816413 -0.3402922 10.3259234  1.1803415  2.5671684  0.002901 ]
inv_t4_d000519000Traces.dat : [ 0.2628242 12.9643954  3.9534812  0.7843398 -0.3963155 16.1104494  1.219126   0.5786711  0.0015577  0.3913109 14.7189296  0.6609151  0.3807213 -0.3412125 10.3234725  1.1863276  2.5536303  0.0029135]
inv_t4_d000520000Traces.dat : [ 0.2646773 12.9503732  3.9190609  0.7900328 -0.3951509 16.1456607  1.2344051  0.5816566  0.0015925  0.3913203 14.7414147  0.6712119  0.3802241 -0.3421074 10.3211011  1.1925772  2.5401837  0.0029304]
inv_t4_d000525000Traces.dat : [ 0.2725882 12.8902179  3.7870794  0.8193687 -0.3943882 16.3187838  1.2556317  0.5797107  0.0017587  0.3901417 14.8481449  0.7305361  0.382331  -0.346413  10.3102335  1.222618   2.4757041  0.003027 ]
inv_t4_d000530000Traces.dat : [ 0.278641  12.8433416  3.7017451  0.8384341 -0.3979071 16.4836266  1.232156   0.5769332  0.001894   0.3859961 14.9464957  0.8114044  0.3965834 -0.3504781 10.3007641  1.2475204  2.4167903  0.0031546]
inv_t4_d000535000Traces.dat : [ 0.2836268 12.8050981  3.6358354  0.8496434 -0.4027074 16.6356788  1.1968541  0.5795403  0.0019995  0.3777849 15.038043   0.9301714  0.429247  -0.3545481 10.2923524  1.2608007  2.3572347  0.0032974]
inv_t4_d000540000Traces.dat : [ 0.2878265 12.7733719  3.5823586  0.8572766 -0.4078785 16.7741613  1.1590801  0.5846644  0.0020839  0.3668906 15.1244438  1.0903586  0.477953  -0.3587493 10.2848081  1.2605158  2.2949828  0.0034402]
inv_t4_d000545000Traces.dat : [ 0.2914089 12.7468349  3.5370894  0.8620774 -0.4125327 16.899838   1.1260199  0.5937658  0.0021633  0.3577594 15.2063089  1.255453   0.5228676 -0.3628642 10.2782066  1.2551459  2.234388   0.0035631]
inv_t4_d000550000Traces.dat : [ 0.294541  12.7244073  3.4955869  0.8641501 -0.4168925 17.014617   1.0957405  0.603401   0.0022381  0.3507312 15.2849348  1.4075794  0.5612183 -0.3664647 10.2727079  1.2545543  2.1833994  0.0036628]
inv_t4_d000555000Traces.dat : [ 0.2972114 12.7055659  3.4602864  0.8653501 -0.4205862 17.1201057  1.07075    0.6147749  0.0023151  0.3457591 15.3600203  1.5388079  0.5899519 -0.3694617 10.2683175  1.2607731  2.1431836  0.0037316]
inv_t4_d000560000Traces.dat : [ 0.2994942 12.6897138  3.4296989  0.8661133 -0.423723  17.2179753  1.0500812  0.6269611  0.0023872  0.3418611 15.4323089  1.6558223  0.6137468 -0.3718372 10.264858   1.2731176  2.1127219  0.0037794]
inv_t4_d000565000Traces.dat : [ 0.3014298 12.6763589  3.4041286  0.8666582 -0.4262615 17.3095153  1.0338186  0.6403289  0.0024589  0.3386695 15.5022243  1.7615393  0.6342148 -0.3736478 10.2621779  1.2904036  2.0908277  0.0038068]
inv_t4_d000570000Traces.dat : [ 0.3031629 12.6648953  3.3791831  0.8654796 -0.4280085 17.3957429  1.023174   0.6565152  0.0025286  0.3360115 15.5700622  1.8576764  0.6519044 -0.374978  10.2601265  1.3112511  2.0755497  0.0038196]
inv_t4_d000575000Traces.dat : [ 0.3045832 12.6552931  3.3600919  0.8654151 -0.4291681 17.4775609  1.01664    0.6742148  0.0025922  0.3337615 15.6360789  1.94574    0.667399  -0.3759909 10.2585484  1.3335148  2.0649433  0.0038187]
inv_t4_d000580000Traces.dat : [ 0.3058121 12.6471511  3.3432782  0.8649177 -0.4295893 17.5556706  1.0152448  0.6949019  0.0026555  0.331839  15.7005718  2.0266626  0.6810032 -0.3766696 10.2573581  1.3570734  2.0586711  0.0038096]
inv_t4_d000585000Traces.dat : [ 0.3069435 12.6400675  3.3260347  0.8630833 -0.4294996 17.6307567  1.0176907  0.7174028  0.002716   0.3302051 15.7637011  2.1008668  0.6928243 -0.3771528 10.2564659  1.3803368  2.0544734  0.0037982]
inv_t4_d000590000Traces.dat : [ 0.3079298 12.6340303  3.3104275  0.861145  -0.4288057 17.7031377  1.0244445  0.7428744  0.002775   0.3287854 15.8256511  2.169473   0.7033391 -0.3774869 10.2557912  1.4026984  2.0520074  0.0037813]
inv_t4_d000595000Traces.dat : [ 0.3087648 12.6289355  3.2973522  0.8596637 -0.4275828 17.7732448  1.0352475  0.7709606  0.0028258  0.3275558 15.8865624  2.232824   0.7125048 -0.3777159 10.2552908  1.4237417  2.0508353  0.0037653]
inv_t4_d000600000Traces.dat : [ 0.3095228 12.6245282  3.2844642  0.8574995 -0.4259546 17.8413845  1.0492971  0.8016648  0.0028796  0.3264832 15.9465535  2.2913639  0.7207325 -0.3778746 10.2549224  1.443131   2.049946   0.0037504]
inv_t4_d000620000Traces.dat : [ 0.3119541 12.6120839  3.2351125  0.8457903 -0.4166841 18.098842   1.1315585  0.9480417  0.0030691  0.3234824 16.178961   2.4822294  0.7441629 -0.3781374 10.2542955  1.503539   2.0482091  0.0036995]
inv_t4_d000640000Traces.dat : [ 0.3138368 12.6048542  3.1846141  0.8311008 -0.4065636 18.3395574  1.23034    1.1170904  0.0032053  0.3216956 16.4026921  2.6204952  0.7583338 -0.3780515 10.2543288  1.5420892  2.0490172  0.0036786]
inv_t4_d000660000Traces.dat : [ 0.315139  12.6008495  3.1442688  0.8193585 -0.3984287 18.5696538  1.3181678  1.2827314  0.0032925  0.320491  16.6206763  2.7226716  0.7684082 -0.3779038 10.2545496  1.5650203  2.0507085  0.0036712]
inv_t4_d000680000Traces.dat : [ 0.3159269 12.5987983  3.1180893  0.812162  -0.3926228 18.7926081  1.3861619  1.4284991  0.0033385  0.319633  16.8345579  2.7990548  0.7757202 -0.3776723 10.2547162  1.5790612  2.0546435  0.0036778]
inv_t4_d000700000Traces.dat : [ 0.3163547 12.5979155  3.1031703  0.8082665 -0.3886579 19.0105311  1.435546   1.5485582  0.0033617  0.3191007 17.0453015  2.8536045  0.7802003 -0.3775206 10.2549104  1.5863878  2.0570896  0.0036818]
inv_t4_d000720000Traces.dat : [ 0.3165674 12.5975452  3.0952324  0.8063582 -0.3858892 19.2245894  1.4715307  1.6463128  0.0033763  0.3187426 17.2536867  2.8939253  0.783199  -0.3774737 10.2550256  1.5892979  2.0577134  0.0036885]
inv_t4_d000740000Traces.dat : [ 0.3166713 12.5974175  3.0912988  0.8052575 -0.3839047 19.4357261  1.4981919  1.7253634  0.0033907  0.3183995 17.4605006  2.9272748  0.7862856 -0.3774681 10.2551374  1.5902963  2.0572313  0.0036985]
inv_t4_d000760000Traces.dat : [ 0.3167373 12.5973587  3.0889417  0.8042865 -0.3824484 19.6445841  1.5182328  1.7892933  0.0034131  0.3181579 17.6659124  2.9526808  0.7884897 -0.3774324 10.255233   1.5911828  2.0572831  0.0037061]
inv_t4_d000780000Traces.dat : [ 0.3167805 12.5973075  3.088035   0.8034017 -0.3813452 19.8516302  1.5336121  1.841582   0.0034391  0.3180233 17.8701355  2.9714329  0.789563  -0.3773557 10.2553014  1.5924103  2.0583154  0.003714 ]
inv_t4_d000800000Traces.dat : [ 0.3168501 12.5972227  3.0855984  0.8021691 -0.3805011 20.0572546  1.5455347  1.8841607  0.0034712  0.3179201 18.0735144  2.9865413  0.7903131 -0.3773178 10.2552754  1.5925124  2.0592764  0.0037209]
inv_t4_d000820000Traces.dat : [ 0.3169393 12.5971336  3.0808779  0.8009007 -0.379841  20.2617453  1.5549625  1.9186542  0.0035036  0.3178115 18.2762623  2.9999858  0.791261  -0.3773382 10.2552234  1.5918211  2.0592186  0.0037233]
inv_t4_d000840000Traces.dat : [ 0.3170401 12.5970383  3.0745205  0.799556  -0.3793323 20.4653426  1.5623262  1.9462985  0.0035357  0.3177193 18.4784874  3.0111338  0.7921036 -0.3774046 10.2551689  1.590727   2.0582301  0.0037286]
inv_t4_d000860000Traces.dat : [ 0.3171004 12.5969661  3.0704207  0.7986538 -0.3789497 20.6682206  1.5678719  1.9684632  0.0035659  0.3176004 18.6803636  3.0217991  0.7933184 -0.3774488 10.2551517  1.5904056  2.057442   0.0037317]
inv_t4_d000880000Traces.dat : [ 0.3171068 12.5969137  3.070286   0.798312  -0.3786316 20.870517   1.5724904  1.986523   0.0035932  0.3174924 18.8818933  3.0309479  0.7944566 -0.3774288 10.2551752  1.5912389  2.0576906  0.0037324]
inv_t4_d000900000Traces.dat : [ 0.3171126 12.5968652  3.0715328  0.7980389 -0.3783714 21.0723488  1.5763103  2.0015185  0.0036143  0.3174353 19.0830629  3.0375442  0.7949733 -0.3773652 10.2552105  1.5922486  2.0587522  0.0037304]
inv_t4_d000920000Traces.dat : [ 0.3171573 12.5968097  3.0705813  0.7974242 -0.3781603 21.2738259  1.5795373  2.0131938  0.0036299  0.3173976 19.2839791  3.0427832  0.7953116 -0.3773326 10.2552199  1.5922234  2.059358   0.0037251]
inv_t4_d000940000Traces.dat : [ 0.3172479 12.5967758  3.0662039  0.7965397 -0.3779578 21.4750202  1.5829459  2.0231571  0.0036375  0.3173619 19.4847129  3.0473953  0.7955796 -0.3773551 10.2551987  1.5909556  2.0590421  0.0037181]
inv_t4_d000960000Traces.dat : [ 0.3173248 12.5967877  3.0614633  0.7958674 -0.3777231 21.6760187  1.5875427  2.0324727  0.0036371  0.3173001 19.6853488  3.0525797  0.7964087 -0.3774019 10.2551701  1.589504   2.0582771  0.003708 ]
inv_t4_d000980000Traces.dat : [ 0.3173263 12.5968935  3.0597881  0.7960453 -0.3773568 21.8768946  1.595601   2.0427959  0.0036276  0.3172191 19.8858967  3.058172   0.7974313 -0.3774353 10.2551531  1.5886782  2.0577101  0.0036924]
